2980.61    2981.41    2982.91    2980.62    2981.42    2982.92    300    400    500    -0.0192501    0.241195    2.35305    -3.05909    0.223275    -0.0304303        
2980.63    2981.43    2982.93    2980.64    2981.44    2982.94    300    400    500    -0.0191325    0.241191    2.35385    -3.05258    0.225448    -0.00747407        
2980.63    2981.43    2982.93    2980.64    2981.44    2982.94    300    400    500    -0.0191325    0.241191    2.35385    -3.05258    0.225448    -0.00747407        
2980.65    2981.45    2982.95    2980.66    2981.46    2982.96    300    400    500    -0.0190628    0.241256    2.35303    -3.05158    0.226716    -0.0212185        
2980.65    2981.45    2982.95    2980.66    2981.46    2982.96    300    400    500    -0.0191325    0.241191    2.35385    -3.05258    0.225448    -0.00747407        
2980.67    2981.47    2982.97    2980.68    2981.48    2982.98    300    400    500    -0.0189392    0.241383    2.35631    -3.05749    0.226694    0.000993975        
2980.67    2981.47    2982.97    2980.68    2981.48    2982.98    300    400    500    -0.0191325    0.241191    2.35385    -3.05258    0.225448    -0.00747407        
2980.69    2981.49    2982.99    2980.7    2981.5    2983    300    400    500    -0.0191325    0.241191    2.35385    -3.05258    0.225448    -0.00747407        
2980.69    2981.49    2982.99    2980.7    2981.5    2983    300    400    500    -0.0191325    0.241191    2.35385    -3.05258    0.225448    -0.00747407        
2980.71    2981.51    2983.01    2980.72    2981.52    2983.02    300    400    500    -0.0191325    0.241191    2.35385    -3.05258    0.225448    -0.00747407        
2980.71    2981.51    2983.01    2980.72    2981.52    2983.02    300    400    500    -0.0191325    0.241191    2.35385    -3.05258    0.225448    -0.00747407        
2980.71    2981.51    2983.01    2980.72    2981.52    2983.02    300    400    500    -0.0191325    0.241191    2.35385    -3.05258    0.225448    -0.00747407        
2980.73    2981.53    2983.03    2980.74    2981.54    2983.04    300    400    500    -0.0190628    0.241256    2.35303    -3.05158    0.226716    -0.0212185        
