603.327    604.128    605.63    603.337    604.138    605.64    300    400    500    -0.0187574    0.241158    2.35552    3.18954    -0.230832    0.059068        
603.347    604.148    605.65    603.357    604.158    605.66    300    400    500    -0.0187574    0.241158    2.35552    3.18954    -0.230832    0.059068        
603.347    604.148    605.65    603.357    604.158    605.66    300    400    500    -0.0186199    0.240958    2.35468    -3.05949    0.222067    -0.0502039        
603.367    604.168    605.67    603.377    604.178    605.68    300    400    500    -0.0188442    0.241018    2.3592    3.20218    -0.231104    0.0159403        
603.367    604.168    605.67    603.377    604.178    605.68    300    400    500    -0.0187574    0.241158    2.35552    3.18954    -0.230832    0.059068        
603.387    604.188    605.69    603.397    604.198    605.7    300    400    500    -0.0184964    0.241382    2.35883    -3.07584    0.225655    -0.0324128        
603.387    604.188    605.69    603.397    604.198    605.7    300    400    500    -0.0187574    0.241158    2.35552    3.18954    -0.230832    0.059068        
603.407    604.208    605.71    603.417    604.218    605.72    300    400    500    -0.0187574    0.241158    2.35552    3.18954    -0.230832    0.059068        
603.407    604.208    605.71    603.417    604.218    605.72    300    400    500    -0.0187574    0.241158    2.35552    3.18954    -0.230832    0.059068        
603.427    604.228    605.73    603.438    604.238    605.74    300    400    500    -0.0187574    0.241158    2.35552    3.18954    -0.230832    0.059068        
603.427    604.228    605.73    603.438    604.238    605.74    300    400    500    -0.0187574    0.241158    2.35552    3.18954    -0.230832    0.059068        
603.448    604.248    605.75    603.458    604.258    605.76    300    400    500    -0.0184964    0.241382    2.35883    -3.07584    0.225655    -0.0324128        
603.448    604.248    605.75    603.458    604.258    605.76    300    400    500    -0.0187574    0.241158    2.35552    3.18954    -0.230832    0.059068        
603.468    604.268    605.77    603.478    604.278    605.78    300    400    500    -0.0187585    0.241044    2.3541    3.17896    -0.22987    0.0653687        
603.468    604.268    605.77    603.478    604.278    605.78    300    400    500    -0.0188442    0.241018    2.3592    3.20218    -0.231104    0.0159403        
603.468    604.268    605.77    603.478    604.278    605.78    300    400    500    -0.0188904    0.240705    2.35116    -3.05728    0.21898    -0.072204        
603.488    604.288    605.79    603.498    604.298    605.8    300    400    500    -0.0187574    0.241158    2.35552    3.18954    -0.230832    0.059068        
603.488    604.288    605.79    603.498    604.298    605.8    300    400    500    -0.0188442    0.241018    2.3592    3.20218    -0.231104    0.0159403        
603.508    604.308    605.81    603.518    604.318    605.82    300    400    500    -0.0187574    0.241158    2.35552    3.18954    -0.230832    0.059068        
603.508    604.308    605.81    603.518    604.318    605.82    300    400    500    -0.0187574    0.241158    2.35552    3.18954    -0.230832    0.059068        
603.528    604.328    605.83    603.538    604.338    605.84    300    400    500    -0.0187574    0.241158    2.35552    3.18954    -0.230832    0.059068        
603.528    604.328    605.83    603.538    604.338    605.84    300    400    500    -0.0188442    0.241018    2.3592    3.20218    -0.231104    0.0159403        
603.548    604.348    605.85    603.558    604.358    605.86    300    400    500    -0.0187574    0.241158    2.35552    3.18954    -0.230832    0.059068        
603.548    604.348    605.85    603.558    604.358    605.86    300    400    500    -0.0185565    0.24115    2.36186    -3.06054    0.224077    0.0127613        
603.568    604.368    605.87    603.578    604.378    605.88    300    400    500    -0.0188442    0.241018    2.3592    3.20218    -0.231104    0.0159403        
603.568    604.368    605.87    603.578    604.378    605.88    300    400    500    -0.0187585    0.241044    2.3541    3.17896    -0.22987    0.0653687        
603.588    604.388    605.89    603.598    604.398    605.9    300    400    500    -0.0188442    0.241018    2.3592    3.20218    -0.231104    0.0159403        
603.588    604.388    605.89    603.598    604.398    605.9    300    400    500    -0.0188442    0.241018    2.3592    3.20218    -0.231104    0.0159403        
603.608    604.408    605.91    603.618    604.418    605.92    300    400    500    -0.0187783    0.241378    2.35742    3.17755    -0.229813    0.0634239        
603.608    604.408    605.91    603.618    604.418    605.92    300    400    500    -0.0188442    0.241018    2.3592    3.20218    -0.231104    0.0159403        
603.628    604.428    605.93    603.638    604.438    605.94    300    400    500    -0.0187783    0.241378    2.35742    3.17755    -0.229813    0.0634239        
603.628    604.428    605.93    603.638    604.438    605.94    300    400    500    -0.0187574    0.241158    2.35552    3.18954    -0.230832    0.059068        
603.628    604.428    605.93    603.638    604.438    605.94    300    400    500    -0.0187574    0.241158    2.35552    3.18954    -0.230832    0.059068        
603.648    604.448    605.95    603.658    604.458    605.96    300    400    500    -0.0187574    0.241158    2.35552    3.18954    -0.230832    0.059068        
603.648    604.448    605.95    603.658    604.458    605.96    300    400    500    -0.0187574    0.241158    2.35552    3.18954    -0.230832    0.059068        
603.668    604.469    605.97    603.678    604.479    605.98    300    400    500    -0.0188442    0.241018    2.3592    3.20218    -0.231104    0.0159403        
603.668    604.469    605.97    603.678    604.479    605.98    300    400    500    -0.0187574    0.241158    2.35552    3.18954    -0.230832    0.059068        
603.688    604.489    605.99    603.698    604.499    606    300    400    500    -0.018821    0.240581    2.34845    -3.06036    0.220564    -0.0880576        
603.688    604.489    605.99    603.698    604.499    606    300    400    500    -0.0188442    0.241018    2.3592    3.20218    -0.231104    0.0159403        
603.708    604.509    606.01    603.718    604.519    606.02    300    400    500    -0.018753    0.24096    2.35494    -3.05322    0.225587    -0.0148826        
603.708    604.509    606.01    603.718    604.519    606.02    300    400    500    -0.0187783    0.241378    2.35742    3.17755    -0.229813    0.0634239        
603.728    604.529    606.03    603.738    604.539    606.04    300    400    500    -0.0188442    0.241018    2.3592    3.20218    -0.231104    0.0159403        
603.728    604.529    606.03    603.738    604.539    606.04    300    400    500    -0.0187574    0.241158    2.35552    3.18954    -0.230832    0.059068        
603.748    604.549    606.05    603.758    604.559    606.06    300    400    500    -0.0188442    0.241018    2.3592    3.20218    -0.231104    0.0159403        
603.748    604.549    606.05    603.758    604.559    606.06    300    400    500    -0.0188442    0.241018    2.3592    3.20218    -0.231104    0.0159403        
603.768    604.569    606.07    603.778    604.579    606.08    300    400    500    -0.018882    0.240558    2.35086    -3.04102    0.222215    -0.0342935        
603.768    604.569    606.07    603.778    604.579    606.08    300    400    500    -0.0187783    0.241378    2.35742    3.17755    -0.229813    0.0634239        
603.788    604.589    606.09    603.798    604.599    606.1    300    400    500    -0.0187187    0.241226    2.35357    3.1786    -0.229889    0.0715379        
603.788    604.589    606.09    603.798    604.599    606.1    300    400    500    -0.0187574    0.241158    2.35552    3.18954    -0.230832    0.059068        
603.788    604.589    606.09    603.798    604.599    606.1    300    400    500    -0.018882    0.240558    2.35086    -3.04102    0.222215    -0.0342935        
603.808    604.609    606.11    603.818    604.619    606.12    300    400    500    -0.0187574    0.241158    2.35552    3.18954    -0.230832    0.059068        
603.808    604.609    606.11    603.818    604.619    606.12    300    400    500    -0.0188442    0.241018    2.3592    3.20218    -0.231104    0.0159403        
603.828    604.629    606.13    603.838    604.639    606.14    300    400    500    -0.018527    0.241611    2.36078    -3.08747    0.226362    -0.0370182        
603.828    604.629    606.13    603.838    604.639    606.14    300    400    500    -0.0188904    0.240705    2.35116    -3.05728    0.21898    -0.072204        
603.848    604.649    606.15    603.858    604.659    606.16    300    400    500    -0.0187574    0.241158    2.35552    3.18954    -0.230832    0.059068        
603.848    604.649    606.15    603.858    604.659    606.16    300    400    500    -0.0186843    0.24104    2.35298    3.18432    -0.231874    0.0750016        
603.868    604.669    606.17    603.878    604.679    606.18    300    400    500    -0.0188442    0.241018    2.3592    3.20218    -0.231104    0.0159403        
603.868    604.669    606.17    603.878    604.679    606.18    300    400    500    -0.0187574    0.241158    2.35552    3.18954    -0.230832    0.059068        
603.888    604.689    606.19    603.898    604.699    606.2    300    400    500    -0.0188442    0.241018    2.3592    3.20218    -0.231104    0.0159403        
603.888    604.689    606.19    603.898    604.699    606.2    300    400    500    -0.0188904    0.240705    2.35116    -3.05728    0.21898    -0.072204        
603.908    604.709    606.21    603.918    604.719    606.22    300    400    500    -0.0187574    0.241158    2.35552    3.18954    -0.230832    0.059068        
603.908    604.709    606.21    603.918    604.719    606.22    300    400    500    -0.0187574    0.241158    2.35552    3.18954    -0.230832    0.059068        
603.928    604.729    606.23    603.938    604.739    606.24    300    400    500    -0.0187574    0.241158    2.35552    3.18954    -0.230832    0.059068        
603.928    604.729    606.23    603.938    604.739    606.24    300    400    500    -0.0189121    0.240929    2.35318    -3.06645    0.219557    -0.0757077        
603.948    604.749    606.25    603.958    604.759    606.26    300    400    500    -0.0187574    0.241158    2.35552    3.18954    -0.230832    0.059068        
603.948    604.749    606.25    603.958    604.759    606.26    300    400    500    -0.0188904    0.240705    2.35116    -3.05728    0.21898    -0.072204        
603.948    604.749    606.25    603.958    604.759    606.26    300    400    500    -0.0187783    0.241378    2.35742    3.17755    -0.229813    0.0634239        
603.968    604.769    606.27    603.978    604.779    606.28    300    400    500    -0.0188442    0.241018    2.3592    3.20218    -0.231104    0.0159403        
603.968    604.769    606.27    603.978    604.779    606.28    300    400    500    -0.0185565    0.24115    2.36186    -3.06054    0.224077    0.0127613        
603.988    604.789    606.29    603.998    604.799    606.3    300    400    500    -0.0187782    0.240986    2.35737    3.1935    -0.23189    0.0311981        
603.988    604.789    606.29    603.998    604.799    606.3    300    400    500    -0.0188442    0.241018    2.3592    3.20218    -0.231104    0.0159403        
604.008    604.809    606.31    604.018    604.819    606.32    300    400    500    -0.0188078    0.241222    2.35957    3.18261    -0.231074    0.032213        
604.008    604.809    606.31    604.018    604.819    606.32    300    400    500    -0.0187574    0.241158    2.35552    3.18954    -0.230832    0.059068        
