3401.18    3401.98    3403.48    3401.19    3401.99    3403.49    300    400    500    -0.0191325    0.241191    2.35385    -3.05258    0.225448    -0.00747407        
3401.2    3402    3403.5    3401.21    3402.01    3403.51    300    400    500    -0.0190606    0.241326    2.35402    -3.04481    0.226009    -0.0178907        
3401.2    3402    3403.5    3401.21    3402.01    3403.51    300    400    500    -0.0190606    0.241326    2.35402    -3.04481    0.226009    -0.0178907        
3401.22    3402.02    3403.52    3401.23    3402.03    3403.53    300    400    500    -0.0191325    0.241191    2.35385    -3.05258    0.225448    -0.00747407        
3401.22    3402.02    3403.52    3401.23    3402.03    3403.53    300    400    500    -0.0190606    0.241326    2.35402    -3.04481    0.226009    -0.0178907        
3401.24    3402.04    3403.54    3401.25    3402.05    3403.55    300    400    500    -0.0187292    0.241255    2.35535    -3.05257    0.22881    0.022707        
3401.24    3402.04    3403.54    3401.25    3402.05    3403.55    300    400    500    -0.018926    0.241072    2.35296    -3.04814    0.227569    0.0135462        
3401.24    3402.04    3403.54    3401.25    3402.05    3403.55    300    400    500    -0.0189392    0.241383    2.35631    -3.05749    0.226694    0.000993975        
3401.26    3402.06    3403.56    3401.27    3402.07    3403.57    300    400    500    -0.0189392    0.241383    2.35631    -3.05749    0.226694    0.000993975        
3401.26    3402.06    3403.56    3401.27    3402.07    3403.57    300    400    500    -0.018926    0.241072    2.35296    -3.04814    0.227569    0.0135462        
3401.28    3402.08    3403.58    3401.29    3402.09    3403.59    300    400    500    -0.0191325    0.241191    2.35385    -3.05258    0.225448    -0.00747407        
3401.28    3402.08    3403.58    3401.29    3402.09    3403.59    300    400    500    -0.0188559    0.241247    2.35352    -3.04715    0.227993    0.0270852        
3401.3    3402.1    3403.6    3401.31    3402.11    3403.61    300    400    500    -0.0191386    0.241219    2.35426    -3.05843    0.225351    0.0195904        
3401.3    3402.1    3403.6    3401.31    3402.11    3403.61    300    400    500    -0.0190675    0.241378    2.35462    -3.05161    0.22591    0.00714737        
3401.32    3402.12    3403.62    3401.33    3402.13    3403.63    300    400    500    -0.0189392    0.241383    2.35631    -3.05749    0.226694    0.000993975        
3401.32    3402.12    3403.62    3401.33    3402.13    3403.63    300    400    500    -0.0190606    0.241326    2.35402    -3.04481    0.226009    -0.0178907        
3401.34    3402.14    3403.64    3401.35    3402.15    3403.65    300    400    500    -0.0188087    0.241573    2.35576    -3.04954    0.228349    -0.0221452        
3401.34    3402.14    3403.64    3401.35    3402.15    3403.65    300    400    500    -0.0191325    0.241191    2.35385    -3.05258    0.225448    -0.00747407        
3401.36    3402.16    3403.66    3401.37    3402.17    3403.67    300    400    500    -0.0191325    0.241191    2.35385    -3.05258    0.225448    -0.00747407        
3401.36    3402.16    3403.66    3401.37    3402.17    3403.67    300    400    500    -0.0189392    0.241383    2.35631    -3.05749    0.226694    0.000993975        
3401.38    3402.18    3403.68    3401.39    3402.19    3403.69    300    400    500    -0.0189392    0.241383    2.35631    -3.05749    0.226694    0.000993975        
3401.38    3402.18    3403.68    3401.39    3402.19    3403.69    300    400    500    -0.0188655    0.241529    2.35657    -3.05006    0.227253    -0.0101411        
3401.4    3402.2    3403.7    3401.41    3402.21    3403.71    300    400    500    -0.0191325    0.241191    2.35385    -3.05258    0.225448    -0.00747407        
3401.4    3402.2    3403.7    3401.41    3402.21    3403.71    300    400    500    -0.0188655    0.241529    2.35657    -3.05006    0.227253    -0.0101411        
3401.4    3402.2    3403.7    3401.41    3402.21    3403.71    300    400    500    -0.0191325    0.241191    2.35385    -3.05258    0.225448    -0.00747407        
3401.42    3402.22    3403.72    3401.43    3402.23    3403.73    300    400    500    -0.0189392    0.241383    2.35631    -3.05749    0.226694    0.000993975        
3401.42    3402.22    3403.72    3401.43    3402.23    3403.73    300    400    500    -0.0191386    0.241219    2.35426    -3.05843    0.225351    0.0195904        
3401.44    3402.24    3403.74    3401.45    3402.25    3403.75    300    400    500    -0.0191325    0.241191    2.35385    -3.05258    0.225448    -0.00747407        
3401.44    3402.24    3403.74    3401.45    3402.25    3403.75    300    400    500    -0.0189392    0.241383    2.35631    -3.05749    0.226694    0.000993975        
3401.46    3402.26    3403.76    3401.47    3402.27    3403.77    300    400    500    -0.0190675    0.241378    2.35462    -3.05161    0.22591    0.00714737        
3401.46    3402.26    3403.76    3401.47    3402.27    3403.77    300    400    500    -0.0189392    0.241383    2.35631    -3.05749    0.226694    0.000993975        
3401.48    3402.28    3403.78    3401.49    3402.29    3403.79    300    400    500    -0.0186578    0.241418    2.35575    -3.04617    0.229408    0.0109151        
3401.48    3402.28    3403.78    3401.49    3402.29    3403.79    300    400    500    -0.0188655    0.241529    2.35657    -3.05006    0.227253    -0.0101411        
3401.5    3402.3    3403.8    3401.51    3402.31    3403.81    300    400    500    -0.0188655    0.241529    2.35657    -3.05006    0.227253    -0.0101411        
3401.5    3402.3    3403.8    3401.51    3402.31    3403.81    300    400    500    -0.0191325    0.241191    2.35385    -3.05258    0.225448    -0.00747407        
3401.52    3402.32    3403.82    3401.53    3402.33    3403.83    300    400    500    -0.0188087    0.241573    2.35576    -3.04954    0.228349    -0.0221452        
3401.52    3402.32    3403.82    3401.53    3402.33    3403.83    300    400    500    -0.019004    0.241257    2.35684    -3.05974    0.225131    0.0446828        
