3446.52    3447.32    3448.82    3446.53    3447.33    3448.83    300    400    500    -0.0188412    0.240696    2.35606    -3.0441    0.227407    0.024296        
3446.54    3447.34    3448.84    3446.55    3447.35    3448.85    300    400    500    -0.0188231    0.241068    2.35831    -3.06094    0.225173    0.0401578        
3446.54    3447.34    3448.84    3446.55    3447.35    3448.85    300    400    500    -0.0188884    0.240612    2.35695    -3.03418    0.22528    0.037122        
3446.56    3447.36    3448.86    3446.57    3447.37    3448.87    300    400    500    -0.0188299    0.240919    2.35956    -3.04791    0.224567    0.0242829        
3446.56    3447.36    3448.86    3446.57    3447.37    3448.87    300    400    500    -0.0187338    0.24108    2.35405    -3.08005    0.22872    -0.0378929        
3446.58    3447.38    3448.88    3446.59    3447.39    3448.89    300    400    500    -0.0187218    0.241181    2.35531    -3.07075    0.228167    -0.032766        
3446.58    3447.38    3448.88    3446.59    3447.39    3448.89    300    400    500    -0.0188593    0.240952    2.35525    -3.04752    0.227065    0.00170322        
3446.6    3447.4    3448.9    3446.61    3447.41    3448.91    300    400    500    -0.0187778    0.240971    2.3584    -3.05813    0.226679    0.0104193        
3446.6    3447.4    3448.9    3446.61    3447.41    3448.91    300    400    500    -0.0188593    0.240952    2.35525    -3.04752    0.227065    0.00170322        
3446.62    3447.42    3448.92    3446.63    3447.43    3448.93    300    400    500    -0.0187691    0.240724    2.35139    -3.04815    0.228377    -0.0140202        
3446.62    3447.42    3448.92    3446.63    3447.43    3448.93    300    400    500    -0.0187218    0.241181    2.35531    -3.07075    0.228167    -0.032766        
3446.64    3447.44    3448.94    3446.65    3447.45    3448.95    300    400    500    -0.018818    0.240891    2.35272    -3.06484    0.229603    -0.0172552        
3446.64    3447.44    3448.94    3446.65    3447.45    3448.95    300    400    500    -0.0188593    0.240952    2.35525    -3.04752    0.227065    0.00170322        
3446.64    3447.44    3448.94    3446.65    3447.45    3448.95    300    400    500    -0.018818    0.240891    2.35272    -3.06484    0.229603    -0.0172552        
3446.66    3447.46    3448.96    3446.67    3447.47    3448.97    300    400    500    -0.0188024    0.240972    2.35373    -3.05649    0.22904    -0.0141339        
3446.66    3447.46    3448.96    3446.67    3447.47    3448.97    300    400    500    -0.0188721    0.240333    2.35629    -3.03126    0.223788    0.0836264        
3446.68    3447.48    3448.98    3446.69    3447.49    3448.99    300    400    500    -0.0187869    0.24121    2.35723    -3.06229    0.226256    -0.0159561        
3446.68    3447.48    3448.98    3446.69    3447.49    3448.99    300    400    500    -0.0187218    0.241181    2.35531    -3.07075    0.228167    -0.032766        
3446.7    3447.5    3449    3446.71    3447.51    3449.01    300    400    500    -0.0187338    0.24108    2.35405    -3.08005    0.22872    -0.0378929        
3446.7    3447.5    3449    3446.71    3447.51    3449.01    300    400    500    -0.0187869    0.24121    2.35723    -3.06229    0.226256    -0.0159561        
3446.72    3447.52    3449.02    3446.73    3447.53    3449.03    300    400    500    -0.0188767    0.240885    2.35436    -3.05563    0.227635    -0.000687589        
3446.72    3447.52    3449.02    3446.73    3447.53    3449.03    300    400    500    -0.0188767    0.240885    2.35436    -3.05563    0.227635    -0.000687589        
3446.74    3447.54    3449.04    3446.75    3447.55    3449.05    300    400    500    -0.0187869    0.24121    2.35723    -3.06229    0.226256    -0.0159561        
3446.74    3447.54    3449.04    3446.75    3447.55    3449.05    300    400    500    -0.0188024    0.240972    2.35373    -3.05649    0.22904    -0.0141339        
3446.76    3447.56    3449.06    3446.77    3447.57    3449.07    300    400    500    -0.0188024    0.240972    2.35373    -3.05649    0.22904    -0.0141339        
3446.76    3447.56    3449.06    3446.77    3447.57    3449.07    300    400    500    -0.0188024    0.240972    2.35373    -3.05649    0.22904    -0.0141339        
3446.78    3447.58    3449.08    3446.79    3447.59    3449.09    300    400    500    -0.018753    0.24096    2.35494    -3.05322    0.225587    -0.0148826        
3446.78    3447.58    3449.08    3446.79    3447.59    3449.09    300    400    500    -0.0187778    0.240971    2.3584    -3.05813    0.226679    0.0104193        
3446.78    3447.58    3449.08    3446.79    3447.59    3449.09    300    400    500    -0.0188593    0.240952    2.35525    -3.04752    0.227065    0.00170322        
3446.8    3447.6    3449.1    3446.81    3447.61    3449.11    300    400    500    -0.0187869    0.24121    2.35723    -3.06229    0.226256    -0.0159561        
3446.8    3447.6    3449.1    3446.81    3447.61    3449.11    300    400    500    -0.018818    0.240891    2.35272    -3.06484    0.229603    -0.0172552        
3446.82    3447.62    3449.12    3446.83    3447.63    3449.13    300    400    500    -0.0187218    0.241181    2.35531    -3.07075    0.228167    -0.032766        
3446.82    3447.62    3449.12    3446.83    3447.63    3449.13    300    400    500    -0.0187218    0.241181    2.35531    -3.07075    0.228167    -0.032766        
3446.84    3447.64    3449.14    3446.85    3447.65    3449.15    300    400    500    -0.0188024    0.240972    2.35373    -3.05649    0.22904    -0.0141339        
3446.84    3447.64    3449.14    3446.85    3447.65    3449.15    300    400    500    -0.0187869    0.24121    2.35723    -3.06229    0.226256    -0.0159561        
3446.86    3447.66    3449.16    3446.87    3447.67    3449.17    300    400    500    -0.018818    0.240891    2.35272    -3.06484    0.229603    -0.0172552        
3446.86    3447.66    3449.16    3446.87    3447.67    3449.17    300    400    500    -0.0187869    0.24121    2.35723    -3.06229    0.226256    -0.0159561        
3446.88    3447.68    3449.18    3446.89    3447.69    3449.19    300    400    500    -0.0188767    0.240885    2.35436    -3.05563    0.227635    -0.000687589        
3446.88    3447.68    3449.18    3446.89    3447.69    3449.19    300    400    500    -0.0187218    0.241181    2.35531    -3.07075    0.228167    -0.032766        
3446.9    3447.7    3449.2    3446.91    3447.71    3449.21    300    400    500    -0.0188024    0.240972    2.35373    -3.05649    0.22904    -0.0141339        
3446.9    3447.7    3449.2    3446.91    3447.71    3449.21    300    400    500    -0.0188024    0.240972    2.35373    -3.05649    0.22904    -0.0141339        
3446.92    3447.72    3449.22    3446.93    3447.73    3449.23    300    400    500    -0.018818    0.240891    2.35272    -3.06484    0.229603    -0.0172552        
3446.92    3447.72    3449.22    3446.93    3447.73    3449.23    300    400    500    -0.0188729    0.240756    2.35567    -3.04566    0.225807    0.0532466        
3446.94    3447.74    3449.24    3446.95    3447.75    3449.25    300    400    500    -0.0188024    0.240972    2.35373    -3.05649    0.22904    -0.0141339        
3446.94    3447.74    3449.24    3446.95    3447.75    3449.25    300    400    500    -0.0188024    0.240972    2.35373    -3.05649    0.22904    -0.0141339        
3446.94    3447.74    3449.24    3446.95    3447.75    3449.25    300    400    500    -0.0188024    0.240972    2.35373    -3.05649    0.22904    -0.0141339        
3446.96    3447.76    3449.26    3446.97    3447.77    3449.27    300    400    500    -0.0188593    0.240952    2.35525    -3.04752    0.227065    0.00170322        
3446.96    3447.76    3449.26    3446.97    3447.77    3449.27    300    400    500    -0.018818    0.240891    2.35272    -3.06484    0.229603    -0.0172552        
3446.98    3447.78    3449.28    3446.99    3447.79    3449.29    300    400    500    -0.018818    0.240891    2.35272    -3.06484    0.229603    -0.0172552        
3446.98    3447.78    3449.28    3446.99    3447.79    3449.29    300    400    500    -0.0188024    0.240972    2.35373    -3.05649    0.22904    -0.0141339        
3447    3447.8    3449.3    3447.01    3447.81    3449.31    300    400    500    -0.0187218    0.241181    2.35531    -3.07075    0.228167    -0.032766        
3447    3447.8    3449.3    3447.01    3447.81    3449.31    300    400    500    -0.0188024    0.240972    2.35373    -3.05649    0.22904    -0.0141339        
3447.02    3447.82    3449.32    3447.03    3447.83    3449.33    300    400    500    -0.018818    0.240891    2.35272    -3.06484    0.229603    -0.0172552        
3447.02    3447.82    3449.32    3447.03    3447.83    3449.33    300    400    500    -0.0188593    0.240952    2.35525    -3.04752    0.227065    0.00170322        
3447.04    3447.84    3449.34    3447.05    3447.85    3449.35    300    400    500    -0.0187691    0.240724    2.35139    -3.04815    0.228377    -0.0140202        
3447.04    3447.84    3449.34    3447.05    3447.85    3449.35    300    400    500    -0.0189752    0.241285    2.35752    -3.06686    0.224022    -0.040235        
3447.06    3447.86    3449.36    3447.07    3447.87    3449.37    300    400    500    -0.0188024    0.240972    2.35373    -3.05649    0.22904    -0.0141339        
3447.06    3447.86    3449.36    3447.07    3447.87    3449.37    300    400    500    -0.018802    0.24113    2.35614    -3.07163    0.226831    -0.0203907        
3447.08    3447.88    3449.38    3447.09    3447.89    3449.39    300    400    500    -0.0187218    0.241181    2.35531    -3.07075    0.228167    -0.032766        
3447.08    3447.88    3449.38    3447.09    3447.89    3449.39    300    400    500    -0.0188593    0.240952    2.35525    -3.04752    0.227065    0.00170322        
3447.1    3447.9    3449.4    3447.11    3447.91    3449.41    300    400    500    -0.0187869    0.24121    2.35723    -3.06229    0.226256    -0.0159561        
3447.1    3447.9    3449.4    3447.11    3447.91    3449.41    300    400    500    -0.0187742    0.241129    2.35726    -3.07293    0.227419    0.0268983        
3447.1    3447.9    3449.4    3447.11    3447.91    3449.41    300    400    500    -0.0188593    0.240952    2.35525    -3.04752    0.227065    0.00170322        
3447.12    3447.92    3449.42    3447.13    3447.93    3449.43    300    400    500    -0.0188767    0.240885    2.35436    -3.05563    0.227635    -0.000687589        
3447.12    3447.92    3449.42    3447.13    3447.93    3449.43    300    400    500    -0.0188593    0.240952    2.35525    -3.04752    0.227065    0.00170322        
3447.14    3447.94    3449.44    3447.15    3447.95    3449.45    300    400    500    -0.0191095    0.240875    2.35646    -3.06044    0.224537    0.0342954        
3447.14    3447.94    3449.44    3447.15    3447.95    3449.45    300    400    500    -0.0187218    0.241181    2.35531    -3.07075    0.228167    -0.032766        
3447.16    3447.96    3449.46    3447.17    3447.97    3449.47    300    400    500    -0.0188024    0.240972    2.35373    -3.05649    0.22904    -0.0141339        
3447.16    3447.96    3449.46    3447.17    3447.97    3449.47    300    400    500    -0.018996    0.241047    2.35403    -3.06035    0.226787    -0.0378745        
3447.18    3447.98    3449.48    3447.19    3447.99    3449.49    300    400    500    -0.0188593    0.240952    2.35525    -3.04752    0.227065    0.00170322        
3447.18    3447.98    3449.48    3447.19    3447.99    3449.49    300    400    500    -0.0187869    0.24121    2.35723    -3.06229    0.226256    -0.0159561        
3447.2    3448    3449.5    3447.21    3448.01    3449.51    300    400    500    -0.0188593    0.240952    2.35525    -3.04752    0.227065    0.00170322        
3447.2    3448    3449.5    3447.21    3448.01    3449.51    300    400    500    -0.0187869    0.24121    2.35723    -3.06229    0.226256    -0.0159561        
3447.22    3448.02    3449.52    3447.23    3448.03    3449.53    300    400    500    -0.0189752    0.241285    2.35752    -3.06686    0.224022    -0.040235        
3447.22    3448.02    3449.52    3447.23    3448.03    3449.53    300    400    500    -0.0188593    0.240952    2.35525    -3.04752    0.227065    0.00170322        
3447.24    3448.04    3449.54    3447.25    3448.05    3449.55    300    400    500    -0.0188593    0.240952    2.35525    -3.04752    0.227065    0.00170322        
3447.24    3448.04    3449.54    3447.25    3448.05    3449.55    300    400    500    -0.0188593    0.240952    2.35525    -3.04752    0.227065    0.00170322        
3447.26    3448.06    3449.56    3447.27    3448.07    3449.57    300    400    500    -0.0187869    0.24121    2.35723    -3.06229    0.226256    -0.0159561        
3447.26    3448.06    3449.56    3447.27    3448.07    3449.57    300    400    500    -0.0187869    0.24121    2.35723    -3.06229    0.226256    -0.0159561        
3447.26    3448.06    3449.56    3447.27    3448.07    3449.57    300    400    500    -0.0187218    0.241181    2.35531    -3.07075    0.228167    -0.032766        
3447.28    3448.08    3449.58    3447.29    3448.09    3449.59    300    400    500    -0.0188593    0.240952    2.35525    -3.04752    0.227065    0.00170322        
3447.28    3448.08    3449.58    3447.29    3448.09    3449.59    300    400    500    -0.0187869    0.24121    2.35723    -3.06229    0.226256    -0.0159561        
3447.3    3448.1    3449.6    3447.31    3448.11    3449.61    300    400    500    -0.0188593    0.240952    2.35525    -3.04752    0.227065    0.00170322        
3447.3    3448.1    3449.6    3447.31    3448.11    3449.61    300    400    500    -0.0188593    0.240952    2.35525    -3.04752    0.227065    0.00170322        
3447.32    3448.12    3449.62    3447.33    3448.13    3449.63    300    400    500    -0.0188767    0.240885    2.35436    -3.05563    0.227635    -0.000687589        
3447.32    3448.12    3449.62    3447.33    3448.13    3449.63    300    400    500    -0.0188593    0.240952    2.35525    -3.04752    0.227065    0.00170322        
3447.34    3448.14    3449.64    3447.35    3448.15    3449.65    300    400    500    -0.0188729    0.240756    2.35567    -3.04566    0.225807    0.0532466        
3447.34    3448.14    3449.64    3447.35    3448.15    3449.65    300    400    500    -0.0188729    0.240756    2.35567    -3.04566    0.225807    0.0532466        
3447.36    3448.16    3449.66    3447.37    3448.17    3449.67    300    400    500    -0.0187218    0.241181    2.35531    -3.07075    0.228167    -0.032766        
3447.36    3448.16    3449.66    3447.37    3448.17    3449.67    300    400    500    -0.0188593    0.240952    2.35525    -3.04752    0.227065    0.00170322        
3447.38    3448.18    3449.68    3447.39    3448.19    3449.69    300    400    500    -0.0187869    0.24121    2.35723    -3.06229    0.226256    -0.0159561        
3447.38    3448.18    3449.68    3447.39    3448.19    3449.69    300    400    500    -0.0187869    0.24121    2.35723    -3.06229    0.226256    -0.0159561        
3447.4    3448.2    3449.7    3447.41    3448.21    3449.71    300    400    500    -0.0187218    0.241181    2.35531    -3.07075    0.228167    -0.032766        
3447.4    3448.2    3449.7    3447.41    3448.21    3449.71    300    400    500    -0.0188024    0.240972    2.35373    -3.05649    0.22904    -0.0141339        
3447.42    3448.22    3449.72    3447.43    3448.23    3449.73    300    400    500    -0.0187218    0.241181    2.35531    -3.07075    0.228167    -0.032766        
3447.42    3448.22    3449.72    3447.43    3448.23    3449.73    300    400    500    -0.0188593    0.240952    2.35525    -3.04752    0.227065    0.00170322        
3447.42    3448.22    3449.72    3447.43    3448.23    3449.73    300    400    500    -0.0188412    0.240696    2.35606    -3.0441    0.227407    0.024296        
3447.44    3448.24    3449.74    3447.45    3448.25    3449.75    300    400    500    -0.0187218    0.241181    2.35531    -3.07075    0.228167    -0.032766        
3447.44    3448.24    3449.74    3447.45    3448.25    3449.75    300    400    500    -0.0188412    0.240696    2.35606    -3.0441    0.227407    0.024296        
3447.46    3448.26    3449.76    3447.47    3448.27    3449.77    300    400    500    -0.0187218    0.241181    2.35531    -3.07075    0.228167    -0.032766        
3447.46    3448.26    3449.76    3447.47    3448.27    3449.77    300    400    500    -0.0190732    0.240995    2.35497    -3.06119    0.225489    -0.0244861        
3447.48    3448.28    3449.78    3447.49    3448.29    3449.79    300    400    500    -0.0188593    0.240952    2.35525    -3.04752    0.227065    0.00170322        
3447.48    3448.28    3449.78    3447.49    3448.29    3449.79    300    400    500    -0.0187218    0.241181    2.35531    -3.07075    0.228167    -0.032766        
3447.5    3448.3    3449.8    3447.51    3448.31    3449.81    300    400    500    -0.0188593    0.240952    2.35525    -3.04752    0.227065    0.00170322        
3447.5    3448.3    3449.8    3447.51    3448.31    3449.81    300    400    500    -0.0188593    0.240952    2.35525    -3.04752    0.227065    0.00170322        
3447.52    3448.32    3449.82    3447.53    3448.33    3449.83    300    400    500    -0.0188024    0.240972    2.35373    -3.05649    0.22904    -0.0141339        
3447.52    3448.32    3449.82    3447.53    3448.33    3449.83    300    400    500    -0.0187869    0.24121    2.35723    -3.06229    0.226256    -0.0159561        
3447.54    3448.34    3449.84    3447.55    3448.35    3449.85    300    400    500    -0.0188285    0.240848    2.3549    -3.05695    0.22805    0.0412019        
3447.54    3448.34    3449.84    3447.55    3448.35    3449.85    300    400    500    -0.0188024    0.240972    2.35373    -3.05649    0.22904    -0.0141339        
3447.56    3448.36    3449.86    3447.57    3448.37    3449.87    300    400    500    -0.0188024    0.240972    2.35373    -3.05649    0.22904    -0.0141339        
3447.56    3448.36    3449.86    3447.57    3448.37    3449.87    300    400    500    -0.0188593    0.240952    2.35525    -3.04752    0.227065    0.00170322        
3447.58    3448.38    3449.88    3447.59    3448.39    3449.89    300    400    500    -0.0187869    0.24121    2.35723    -3.06229    0.226256    -0.0159561        
3447.58    3448.38    3449.88    3447.59    3448.39    3449.89    300    400    500    -0.0188593    0.240952    2.35525    -3.04752    0.227065    0.00170322        
3447.58    3448.38    3449.88    3447.59    3448.39    3449.89    300    400    500    -0.0188593    0.240952    2.35525    -3.04752    0.227065    0.00170322        
3447.6    3448.4    3449.9    3447.61    3448.41    3449.91    300    400    500    -0.0188593    0.240952    2.35525    -3.04752    0.227065    0.00170322        
3447.6    3448.4    3449.9    3447.61    3448.41    3449.91    300    400    500    -0.0188024    0.240972    2.35373    -3.05649    0.22904    -0.0141339        
3447.62    3448.42    3449.92    3447.63    3448.43    3449.93    300    400    500    -0.0187869    0.24121    2.35723    -3.06229    0.226256    -0.0159561        
3447.62    3448.42    3449.92    3447.63    3448.43    3449.93    300    400    500    -0.0188593    0.240952    2.35525    -3.04752    0.227065    0.00170322        
3447.64    3448.44    3449.94    3447.65    3448.45    3449.95    300    400    500    -0.018818    0.240891    2.35272    -3.06484    0.229603    -0.0172552        
3447.64    3448.44    3449.94    3447.65    3448.45    3449.95    300    400    500    -0.0188024    0.240972    2.35373    -3.05649    0.22904    -0.0141339        
3447.66    3448.46    3449.96    3447.67    3448.47    3449.97    300    400    500    -0.0190577    0.241078    2.35604    -3.05307    0.224978    -0.0204578        
3447.66    3448.46    3449.96    3447.67    3448.47    3449.97    300    400    500    -0.0187218    0.241181    2.35531    -3.07075    0.228167    -0.032766        
