 500 151
 500 151
 500 151
 500 151
 500 151
 500 151
 500 151
 500 151
 500 151
 500 151
 500 151
 500 151
 500 151
 500 151
 500 151
 500 151
 500 151
 500 151
 500 151
 500 151
 500 151
 500 151
 500 151
 500 151
 500 151
 500 151
 500 151
 500 151
 500 151
 500 151
 500 151
 500 151
 500 151
 500 151
 500 151
 500 151
 500 151
 500 151
 500 151
 500 151
 501 148
 501 146
 501 145
 501 145
 502 145
 502 145
 503 145
 503 145
 503 145
 504 144
 504 144
 504 144
 505 144
 505 144
 505 144
 506 144
 506 145
 506 145
 506 145
 506 144
 507 145
 507 145
 507 145
 507 145
 508 144
 475 187
 495 174
 488 188
 503 189
 511 197
 514 197
 515 197
 475 182
 493 182
 497 153
 513 155
 515 157
 517 160
 517 160
 518 160
 518 161
 482 169
 519 158
 519 157
 481 156
 510 146
 513 150
 514 152
 516 156
 481 169
 505 158
 511 151
 513 151
 517 152
 518 153
 519 154
 520 154
 520 155
 521 155
 521 155
 521 155
 521 155
 521 155
 483 153
 518 149
 445 146
 477 149
 493 150
 506 144
 511 146
 493 171
 487 174
 495 178
 521 179
 528 177
 529 173
 510 196
 523 188
 527 182
 528 178
 530 176
 494 183
 522 188
 460 178
 491 144
 502 149
 513 150
 516 151
 453 202
 485 163
 505 150
 521 153
 445 154
 481 201
 501 181
 498 164
 505 173
 505 172
 506 172
 506 172
 506 173
 506 173
 506 173
 507 173
 507 174
 507 174
 507 174
 507 175
 508 174
 508 174
 508 174
 508 176
 508 175
 509 175
 509 175
 509 175
 510 176
 510 176
 510 177
 510 177
 511 177
 511 177
 511 177
 512 177
 511 177
 512 177
 511 177
 511 176
 512 177
 511 177
 512 177
 512 177
 513 177
 513 177
 514 177
 515 177
 515 177
 515 177
 515 177
 515 177
 515 177
 515 177
 516 177
 516 177
 516 176
 517 176
 517 177
 517 177
 517 177
 517 177
 518 177
 518 177
 518 177
 518 177
 518 177
 518 177
 519 176
 519 177
 519 177
 519 177
 519 177
 520 176
 520 176
 521 177
 520 178
 522 174
 521 176
 521 177
 521 177
 521 178
 521 178
 521 178
 522 178
 522 178
 522 178
 523 177
 517 189
 520 183
 520 182
 520 182
 525 179
 523 180
 523 180
 523 179
 524 179
 524 179
 525 179
 525 178
 525 178
 525 178
 526 178
 526 178
 526 178
 526 178
 526 178
 527 178
 527 178
 527 178
 527 178
 527 178
 528 178
 527 177
 528 178
 528 178
 529 176
 529 176
 529 178
 529 177
 530 177
 529 177
 530 177
 530 177
 530 177
 531 177
 531 176
 531 176
 531 176
 531 176
 531 176
 532 177
 532 177
 532 177
 532 177
 532 178
 533 178
 533 178
 533 178
 533 178
 534 174
 534 176
 534 176
 534 176
 534 176
 535 177
 535 177
 535 177
 535 177
 535 177
 535 178
 535 178
 536 178
 536 179
 536 179
 536 180
 536 179
 536 179
 536 179
 537 181
 536 181
 536 182
 536 182
 537 182
 537 182
 537 183
 537 183
 537 184
 537 184
 537 184
 537 184
 537 184
 537 184
 538 184
 539 182
 539 182
 539 183
 539 183
 539 183
 539 185
 539 185
 540 185
 540 184
 540 184
 540 184
 540 184
 539 189
 540 187
 540 187
 540 187
 540 187
 541 186
 542 184
 542 185
 542 185
 543 185
 543 185
 544 182
 543 185
 544 184
 544 184
 544 184
 544 184
 544 184
 545 184
 545 184
 545 185
 545 184
 545 185
 545 185
 545 185
 545 185
 545 186
 546 185
 546 186
 546 185
 547 183
 548 181
 548 181
 548 180
 548 180
 549 180
 549 180
 549 180
 549 180
 549 180
 549 180
 550 180
 550 179
 550 179
 550 179
 551 179
 551 179
 551 178
 551 178
 552 178
 552 178
 552 178
 552 178
 552 178
 553 178
 553 178
 553 178
 553 178
 553 178
 553 178
 554 178
 554 178
 554 178
 554 177
 554 178
 554 178
 555 178
 555 178
 555 178
 555 177
 555 177
 555 177
 556 177
 556 177
 556 177
 556 177
 556 177
 557 178
 556 178
 557 178
 557 178
 557 178
 557 179
 558 179
 557 179
 558 178
 558 178
 558 180
 558 179
 558 179
 559 179
 559 179
 559 179
 560 178
 560 179
 560 179
 560 179
 560 178
 561 178
 561 178
 561 178
 561 179
 561 178
 562 179
 561 178
 561 178
 562 179
 562 179
 562 179
 562 179
 563 180
 563 179
 563 180
 563 180
 563 180
 563 180
 564 180
 564 180
 564 180
 564 180
 565 180
 565 180
 565 180
 565 182
 565 182
 565 185
 565 185
 565 184
 566 184
 566 184
 566 184
 567 183
 567 182
 567 182
 567 182
 568 181
 568 181
 568 181
 569 181
 569 181
 569 180
 569 180
 570 180
 570 180
 570 180
 570 180
 570 180
 571 180
 571 180
 572 180
 572 179
 572 179
 572 179
 573 179
 573 179
 573 180
 573 180
 573 180
 573 180
 574 180
 574 180
 574 181
 574 181
 575 181
 575 181
 576 181
 575 181
 576 181
 576 182
 576 182
 576 182
 576 183
 576 183
 577 183
 577 183
 577 183
 577 184
 577 186
 577 188
 577 189
 577 190
 576 193
 576 194
 576 196
 576 197
 576 197
 576 198
 576 198
 576 198
 576 199
 576 199
 577 198
 577 198
 578 198
 579 198
 579 198
 579 197
 579 197
 580 198
 580 197
 580 197
 580 197
 580 197
 581 197
 581 197
 582 197
 582 197
 582 197
 582 197
 582 197
 582 197
 583 197
 583 197
 583 197
 583 197
 584 197
 584 197
 584 197
 584 197
 584 198
 584 198
 584 198
 584 199
 584 199
 585 200
 585 200
 585 200
 584 201
 584 201
 585 201
 585 201
 586 200
 587 198
 588 197
 588 196
 588 196
 589 195
 589 194
 589 194
 590 194
 590 193
 590 193
 590 193
 591 193
 591 193
 591 194
 591 194
 591 194
 591 194
 592 194
 592 194
 592 194
 592 194
 592 196
 593 195
 593 194
 593 194
 593 193
 594 193
 594 193
 594 193
 595 192
 595 192
 595 192
 596 191
 596 191
 596 191
 596 191
 597 191
 597 192
 597 192
 597 192
 597 193
 597 193
 597 194
 597 194
 598 195
 598 195
 598 196
 598 196
 600 193
 599 193
 600 193
 600 193
 600 192
 601 190
 601 188
 602 187
 602 187
 602 187
 603 187
 603 186
 603 186
 603 186
 603 186
 604 186
 604 186
 604 186
 604 186
 604 186
 604 186
 605 186
 605 186
 605 186
 605 186
 606 186
 606 186
 606 187
 606 187
 606 188
 606 189
 606 189
 606 190
 606 190
 607 189
 607 189
 608 187
 608 187
 608 187
 609 188
 609 188
 609 187
 609 187
 610 186
 611 186
 611 186
 611 187
 611 187
 611 187
 612 187
 612 187
 612 187
 612 188
 612 188
 612 188
 612 188
 613 189
 613 189
 613 189
 613 190
 608 201
 610 197
 610 198
 610 199
 610 199
 610 199
 610 200
 610 200
 610 200
 610 200
 611 200
 611 200
 611 200
 611 200
 612 200
 612 200
 612 200
 612 201
 612 201
 612 200
 613 200
 613 200
 613 200
 613 200
 613 200
 613 200
 613 201
 614 202
 614 202
 614 201
 615 200
 615 200
 616 199
 616 200
 616 199
 617 198
 617 198
 617 198
 617 198
 617 198
 618 198
 618 199
 618 199
 618 199
 618 199
 618 200
 618 201
 618 201
 618 201
 618 201
 618 201
 619 201
 619 201
 619 201
 619 201
 619 202
 619 202
 619 202
 620 202
 619 202
 620 202
 620 202
 620 201
 621 202
 621 202
 621 202
 621 202
 621 202
 621 202
 622 202
 622 202
 622 203
 622 203
 622 204
 623 202
 621 207
 623 202
 623 204
 623 204
 623 204
 624 204
 624 204
 624 204
 624 204
 624 204
 624 204
 624 204
 625 204
 625 203
 625 203
 626 203
 626 203
 626 202
 626 202
 627 202
 627 202
 627 202
 627 202
 627 203
 627 203
 627 203
 627 203
 628 203
 628 203
 628 203
 628 203
 629 202
 629 202
 629 202
 629 202
 630 202
 631 200
 631 200
 631 200
 631 201
 631 201
 631 201
 631 201
 632 201
 632 201
 632 201
 632 201
 632 201
 632 201
 632 202
 632 202
 633 202
 633 202
 633 202
 633 203
 633 203
 633 204
 633 204
 633 204
 633 204
 633 205
 633 205
 634 205
 634 205
 634 206
 634 206
 634 206
 635 204
 635 205
 635 205
 635 205
 636 205
 636 206
 635 206
 636 206
 636 206
 636 207
 636 207
 636 208
 636 208
 636 208
 636 209
 636 210
 634 217
 635 214
 635 214
 635 214
 636 215
 636 215
 636 215
 636 216
 636 216
 636 216
 637 215
 637 217
 637 216
 637 217
 637 216
 637 217
 637 217
 637 218
 637 218
 638 218
 638 216
 639 216
 639 217
 639 217
 639 217
 639 217
 640 217
 640 217
 640 217
 640 217
 640 217
 640 217
 641 217
 641 217
 641 217
 641 217
 641 216
 641 218
 642 217
 642 216
 642 216
 642 214
 642 215
 643 215
 643 215
 643 215
 643 215
 644 215
 644 215
 644 215
 644 215
 644 215
 644 214
 645 214
 645 214
 645 214
 646 214
 646 213
 646 214
 646 213
 648 211
 649 208
 648 209
 649 209
 649 209
 649 210
 650 209
 650 209
 650 210
 652 206
 652 206
 653 205
 651 208
 653 206
 652 206
 653 206
 654 206
 654 206
 654 206
 654 206
 655 206
 655 206
 655 206
 655 205
 655 205
 656 205
 656 206
 656 205
 656 205
 657 206
 657 206
 657 206
 657 206
 657 206
 657 206
 657 206
 658 206
 658 207
 658 207
 658 207
 658 207
 658 208
 658 208
 658 208
 659 208
 659 208
 659 208
 659 208
 660 208
 659 208
 660 208
 660 208
 660 208
 660 208
 661 209
 661 209
 661 209
 661 209
 661 209
 661 209
 661 209
 661 209
 661 210
 662 210
 662 210
 662 210
 662 210
 662 211
 662 211
 662 211
 662 211
 662 212
 662 212
 662 212
 662 212
 662 213
 662 213
 662 213
 662 213
 663 213
 663 213
 663 213
 663 213
 663 213
 663 214
 664 213
 664 213
 664 213
 664 213
 664 213
 665 213
 665 213
 665 213
 665 213
 665 213
 665 213
 666 213
 666 213
 666 213
 666 213
 667 213
 667 213
 667 212
 667 212
 669 211
 669 211
 670 210
 670 210
 670 210
 671 210
 671 210
 671 210
 671 210
 671 210
 671 210
 672 210
 673 209
 673 209
 673 209
 674 209
 674 209
 674 209
 674 209
 675 209
 674 209
 675 209
 675 209
 675 209
 675 209
 676 209
 676 209
 676 209
 676 209
 678 209
 678 208
 678 209
 679 209
 679 209
 679 209
 680 208
 680 209
 680 209
 680 209
 680 209
 681 209
 681 209
 681 209
 681 209
 681 209
 681 209
 681 209
 680 210
 680 210
 680 210
 680 210
 680 210
 680 210
 681 210
 681 210
 681 210
 681 210
 681 210
 681 210
 681 210
 681 210
 681 210
 681 210
 682 210
 682 210
 682 210
 682 210
 682 210
 682 210
 683 210
 683 210
 683 210
 683 210
 683 210
 684 210
 684 210
 684 210
 684 210
 684 210
 685 210
 685 210
 685 210
 685 210
 685 210
 685 210
 685 209
 685 210
 685 210
 685 210
 685 210
 686 210
 686 209
 686 209
 686 209
 687 209
 687 209
 687 209
 687 209
 687 209
 687 209
 688 209
 689 209
 689 209
 689 209
 690 209
 690 209
 690 209
 690 209
 690 209
 691 209
 690 209
 690 209
 691 209
 691 210
 691 209
 691 209
 691 209
 691 209
 692 209
 692 209
 692 209
 692 209
 692 209
 692 209
 696 210
 694 209
 694 209
 694 209
 694 209
 694 209
 694 209
 694 209
 695 209
 696 210
 699 212
 697 210
 697 210
 697 210
 697 210
 697 209
 697 209
 697 209
 697 209
 697 209
 697 209
 697 209
 697 209
 697 208
 697 208
 697 208
 697 207
 697 207
 696 207
 697 207
 696 206
 697 207
 697 207
 699 207
 699 207
 699 207
 699 207
 700 208
 701 208
 701 209
 702 209
 703 209
 703 210
 703 210
 703 210
 703 210
 704 210
 705 210
 705 211
 705 211
 706 211
 707 211
 707 211
 707 211
 707 211
 707 211
 707 211
 707 211
 707 210
 706 209
 706 209
 707 209
 707 210
 708 210
 708 210
 708 210
 708 209
 708 209
 709 209
 708 209
 708 208
 709 209
 711 211
 713 214
 712 212
 711 211
 711 210
 711 210
 712 211
 712 210
 712 211
 712 211
 713 211
 713 211
 713 211
 714 212
 714 212
 715 213
 714 212
 713 209
 713 209
 713 209
 713 208
 713 208
 713 209
 711 205
 712 205
 713 206
 715 209
 716 211
 716 211
 716 211
 716 211
 716 211
 716 209
 716 209
 716 208
 716 207
 716 207
 715 206
 715 206
 716 206
 716 206
 717 207
 717 207
 717 207
 718 208
 718 208
 719 209
 719 209
 720 210
 720 210
 721 210
 720 210
 721 210
 721 210
 721 210
 722 211
 723 212
 724 214
 724 215
 724 214
 724 214
 724 214
 724 213
 724 213
 725 213
 725 212
 725 212
 725 212
 725 212
 725 212
 725 211
 725 211
 726 212
 727 214
 727 213
 727 213
 727 213
 727 213
 728 212
 728 212
 728 212
 728 212
 728 211
 728 211
 729 211
 729 211
 729 211
 729 210
 729 210
 729 210
 729 210
 729 210
 730 209
 730 209
 730 209
 730 209
 730 208
 730 208
 731 208
 731 207
 731 207
 731 207
 731 207
 731 207
 731 206
 731 206
 731 206
 732 206
 727 196
 729 200
 729 200
 729 200
 729 200
 729 199
 729 199
 729 199
 728 197
 728 197
 728 196
 728 196
 729 196
 729 196
 729 197
 730 198
 731 199
 731 198
 731 198
 731 198
 731 197
 731 197
 731 197
 731 196
 731 196
 731 196
 732 196
 732 196
 732 196
 732 196
 732 196
 732 196
 733 196
 733 196
 733 196
 733 196
 733 195
 733 195
 733 195
 733 194
 734 195
 735 196
 735 196
 735 196
 735 196
 736 196
 736 196
 736 196
 736 196
 736 196
 737 196
 737 196
 737 196
 737 196
 738 196
 741 201
 741 202
 742 202
 742 202
 742 202
 742 202
 742 201
 742 202
 742 201
 743 201
 743 201
 743 201
 743 201
 743 200
 743 200
 743 199
 743 199
 743 199
 743 199
 743 199
 745 201
 746 203
 747 205
 747 204
 747 205
 747 205
 748 205
 748 205
 748 205
 748 205
 748 205
 749 205
 749 205
 749 205
 749 204
 749 204
 749 204
 750 206
 750 207
 750 206
 750 206
 750 206
 751 208
 751 209
 752 209
 753 211
 753 211
 753 211
 753 211
 753 211
 753 210
 754 210
 754 210
 754 211
 754 211
 754 211
 755 211
 755 211
 755 211
 755 211
 755 211
 755 211
 755 211
 756 210
 756 210
 756 210
 756 209
 756 209
 756 209
 756 209
 756 208
 757 208
 757 207
 757 206
 757 206
 757 206
 757 206
 757 206
 757 206
 757 205
 758 205
 758 205
 758 205
 758 204
 758 204
 758 204
 758 204
 758 204
 758 204
 758 204
 759 203
 759 203
 759 202
 759 202
 759 202
 759 201
 759 201
 759 201
 760 201
 760 201
 760 201
 760 201
 760 200
 760 200
 760 200
 760 200
 760 197
 760 198
 760 198
 761 199
 760 198
 760 198
 761 198
 761 199
 761 198
 761 198
 761 197
 762 200
 762 200
 763 199
 763 199
 763 199
 763 199
 763 199
 763 200
 764 201
 764 201
 764 201
 764 201
 764 201
 764 201
 765 201
 765 202
 766 202
 766 202
 766 202
 766 203
 766 203
 767 203
 767 203
 767 203
 767 203
 767 203
 767 203
 767 203
 768 202
 768 202
 768 202
 768 202
 768 202
 769 202
 769 202
 769 203
 769 203
 769 203
 769 203
 769 203
 770 203
 770 203
 770 203
 771 203
 771 203
 771 203
 771 203
 771 203
 771 202
 772 202
 772 202
 772 202
 772 202
 772 202
 772 202
 772 202
 773 202
 773 203
 774 203
 774 204
 774 205
 775 208
 776 210
 777 212
 777 213
 777 215
 778 216
 778 218
 778 218
 779 219
 779 219
 779 219
 779 219
 779 218
 779 218
 819 181
 823 179
 844 189
 860 190
 860 185
 863 189
 863 188
 864 189
 864 188
 865 189
 865 189
 866 189
 866 187
 866 188
 867 188
 861 206
 847 170
 865 184
 865 187
 866 188
 866 188
 866 188
 866 187
 866 189
 866 189
 866 189
 866 189
 866 189
 866 189
 867 189
 867 189
 867 189
 867 189
 867 189
 867 189
 867 188
 867 189
 865 187
 866 187
 867 187
 867 187
 866 190
 866 189
 867 189
 867 187
 867 187
 867 187
 867 187
 868 187
 868 187
 867 187
 867 187
 867 187
 867 187
 867 187
 867 188
 868 188
 867 187
 867 187
 867 188
 862 183
 867 192
 867 189
 866 189
 867 189
 868 189
 868 189
 868 189
 868 189
 868 189
 867 188
 867 188
 867 188
 867 188
 868 188
 868 188
 868 188
 867 188
 867 188
 868 188
 868 188
 868 188
 868 188
 868 188
 868 188
 868 189
 867 189
 867 188
 867 188
 867 189
 867 189
 868 188
 868 187
 867 188
 868 188
 868 188
 868 188
 868 188
 868 189
 868 188
 868 188
 868 188
 868 188
 868 188
 868 187
 868 188
 868 188
 868 188
 868 188
 868 188
 868 188
 868 188
 868 188
 868 188
 868 188
 868 188
 868 188
 868 188
 868 188
 868 188
 868 188
 868 188
 868 188
 868 188
 868 188
 868 188
 868 188
 868 188
 868 188
 868 188
 868 188
 868 188
 868 188
 868 188
 868 188
 868 188
 868 188
 868 188
 868 188
 868 188
 868 188
 868 188
 868 188
 868 186
 867 186
 868 188
 868 188
 868 188
 868 188
 868 188
 868 188
 868 188
 868 188
 868 188
 868 188
 868 188
 868 188
 868 188
 868 188
 868 188
 868 188
 868 188
 868 188
 868 188
 868 188
 868 188
 868 188
 868 188
 868 188
 868 188
 868 188
 868 188
 868 188
 868 188
 868 188
 868 188
 868 188
 868 188
 868 188
 868 188
 868 188
 868 188
 868 188
 868 188
 868 188
 868 188
 868 188
 868 188
 868 188
 868 188
 868 188
 868 188
 868 188
 868 188
 868 188
 868 188
 868 188
 868 188
 868 188
 868 188
 868 188
 868 188
 868 188
 868 188
 868 188
 868 188
 868 188
 868 188
 868 188
 868 188
 868 188
 868 188
 868 188
 868 188
 868 188
 868 188
 868 188
 866 187
 868 188
 868 188
 868 188
 868 188
 868 188
 868 188
 868 188
 868 188
 869 188
 868 189
 868 188
 868 188
 868 188
 868 188
 868 188
 868 188
 868 188
 868 188
 868 188
 868 188
 868 188
 868 188
 868 188
 868 188
 868 188
 868 188
 868 188
 868 188
 868 188
 868 188
 868 188
 868 188
 868 188
 868 188
 868 188
 868 188
 868 188
 868 188
 868 188
 868 188
 868 188
 868 188
 868 188
 868 188
 868 188
 868 188
 868 188
 868 188
 868 188
 868 188
 868 188
 868 188
 868 188
 868 188
 868 188
 868 188
 868 188
 868 188
 868 188
 868 188
 868 188
 868 188
 868 188
 868 188
 868 188
 868 188
 868 188
 867 188
 868 188
 868 188
 868 188
 868 188
 868 188
 868 188
 868 188
 868 188
 868 188
 868 188
 868 188
 868 188
 868 188
 868 188
 868 188
 868 188
 868 188
 868 188
 868 188
 868 188
 868 188
 868 188
 868 188
 868 188
 868 188
 868 188
 868 188
 868 188
 868 188
 868 188
 868 188
 868 188
 868 188
 868 188
 868 188
 868 188
 868 188
 868 188
 868 188
 868 188
 868 188
 868 188
 868 188
 868 188
 868 188
 868 188
 868 188
 868 188
 868 188
 868 188
 868 188
 868 188
 868 188
 868 188
 868 188
 868 188
 868 188
 868 188
 868 188
 868 188
 868 188
 868 188
 868 188
 868 188
 868 188
 868 188
 868 188
 868 188
 868 188
 868 188
 868 188
 868 188
 868 188
 868 188
 868 188
 868 188
 868 188
